%YAML:1.0

image_height: 360
image_width: 640
use_imu: 1
is_bgr: 1


depth_lower_thr: 0.1
depth_upper_thr: 10.0
max_y_diff: 1

# Calibration
distortion_type: 1  # 0 for undistorted inputs, 1 for radial-tangential: [k1, k2, p1, p2, k3], 2 for equidistant/fisheye:  [k1, k2, k3, k4, 0].
cam0:
  intrinsics: [486.4112005012773, 487.82169907244895, 328.7505919212302, 187.16358336798936] # fx, fy, cx, cy
  distortion_coeffs: [0.003358997511317197, 0.0005265618356165167, -0.0002468324137379279, 0.0012711056403022418, 0]
  T_type: 1           # 0 for Euroc format, the following T is Tbc. 1 for Kalibr format, the following T is Tcb
  T:
  - [-0.005634115591047953, -0.999983777698247, -0.0008373063061957176, 0.032055382173474305]
  - [-0.010638572116897949, 0.0008972120848639048, -0.9999430062727521, 0.015648819364786095]
  - [0.9999275361369049, -0.0056248867382783785, -0.010643454531366694, 0.01323515039009431]
  - [0.0, 0.0, 0.0, 1.0]
cam1:
  intrinsics: [486.88796289364643, 488.2525467423685, 328.56949240331926, 186.56211076901366]
  distortion_coeffs: [0.0006353691870896415, 0.005357125830090824, -0.0007857674542288157, 0.0009692049285155313, 0]
  T_type: 1
  T:
  - [-0.005180525995274307, -0.9999860667699407, -0.0010141086708613245, -0.08845388801204204]
  - [-0.00963400553219157, 0.00106398507479851, -0.9999530258332971, 0.015703583469582384]
  - [0.9999401722542296, -0.005170512715837294, -0.009639383301714663, 0.01347150291156176]
  - [0.0, 0.0, 0.0, 1.0]


# IMU
rate_hz: 200
gyroscope_noise_density: 1.2254432417436816e-03     # [ rad / s / sqrt(Hz) ]   ( gyro "white noise" )
gyroscope_random_walk: 4.1893644581309442e-06       # [ rad / s^2 / sqrt(Hz) ] ( gyro bias diffusion )
accelerometer_noise_density: 1.3426856744932540e-02  # [ m / s^2 / sqrt(Hz) ]   ( accel "white noise" )
accelerometer_random_walk: 3.7492893290010375e-04    # [ m / s^3 / sqrt(Hz) ].  ( accel bias diffusion )
g_value: 9.68187
